00000000000000000000000001 00000000000000000000000000000000 1111111111111111
00100100100000000000000011 00000000000000010000000000000001 1111111111111111
01001001000000000000000101 00000000000000100000000000000010 1111111111111111
01101101100000000000000111 00000000000000110000000000000011 1111111111111111
10010010000000000000001001 00000000000001000000000000000100 1111111111111111
10110110100000000000001011 00000000000001010000000000000101 1111111111111111
11011011000000000000001101 00000000000001100000000000000110 1111111111111111
11111111100000000000001111 00000000000001110000000000000111 1111111111111111
00000100000000000000000000 00000000000000000000000000000001 1111111111111111
00101000000000000000000000 00000000000000010000000000000010 1111111111111111
01001100000000000000000000 00000000000000100000000000000011 1111111111111111
01110000000000000000000000 00000000000000110000000000000100 1111111111111111
10010100000000000000000000 00000000000001000000000000000101 1111111111111111
10111000000000000000000000 00000000000001010000000000000110 1111111111111111
11011100000000000000000000 00000000000001100000000000000111 1111111111111111
11100000000000000000000000 00000000000001110000000000000000 1111111111111111