000000000000000000000000000000001 00000000000000001 11111111111111111
000000000000000000000000001000001 00000000000100001 11111111111111111
000000000000000000000000000000000 00000000000000000 11111111111111111
000000000100000011101010000101000 01110101001010100 11111111111111111
000000000100000011101010000101001 01110101001010101 11111111111111111
111000110111110010110010001111000 11001010110111000 11111111111111111
000000000000000000000000000000001 00000000000000001 11111111111111111
000000000000000000000000000000001 00000000000000001 11111111111111111
000000000000000000000000000000001 00000000000000001 11111111111111111
000000000000000000000000000000001 00000000000000001 11111111111111111
000000000000000000000000000000001 00000000000000001 11111111111111111
000000000000000000000000000000001 00000000000000001 11111111111111111
000000000000000000000000000000001 00000000000000001 11111111111111111
000000000000000000000000000000001 00000000000000001 11111111111111111

