0000001001010011011 0000000000000000000000000 1111111111111111111111111
0010001001010011011 0000000000001000000100000 1111111111111111111111111
0000001001010011011 0000000000001000000100000 1111111111111111111111111
0010001001010011011 0000000000000010000000000 1111111111111111111111111
0000001001010011011 0000000000000010000000000 1111111111111111111111111
0010001001010011011 0110100010000000110010000 1111111111111111111111111
0000001001010011011 0110100010000000110010000 1111111111111111111111111
0010001001010011011 0000000000010100000000000 1111111111111111111111111
0000001001010011011 0000000000010100000000000 1111111111111111111111111
0010001001010011011 0000000000000000000000000 1111111111111111111111111
0000001001010011011 0000000000000000000000000 1111111111111111111111111
0010001001010011011 0000000000001000000100000 1111111111111111111111111
0000001001010011011 0000000000001000000100000 1111111111111111111111111
0010001001010011011 0000000000000010000000000 1111111111111111111111111
0000001001010011011 0000000000000010000000000 1111111111111111111111111
0010001001010011011 0110100010000000110010000 1111111111111111111111111
0000001001010011011 0110100010000000110010000 1111111111111111111111111
0010001001010011011 0000000000010100000000000 1111111111111111111111111
0000001001010011011 0000000000010100000000000 1111111111111111111111111
0010001001010011011 0000000000000000000000000 1111111111111111111111111
